U = [0.1224  0.1236  0.1230  0.0003 ;
0.1378  0.1406  0.1392  0.0007];

U.*hitterMaxSal

L = [0.1365  0.1383  0.1374  0.0004;
     0.3618  0.3776  0.3697  0.0040];
     
L.*hitterMaxSal